   0.0273584183
   0.0285198482
   0.0215032772
   0.0309188244
   0.0090378836
   0.0087598514
   0.0113369527
   0.0096339641
   0.0247684124
   0.0140475931
   0.0287668954
   0.0184038727
   0.0113870780
  -0.0092237965
  -0.0214763423
  -0.0172803427
  -0.0332894512
  -0.0202681946
  -0.0322812807
  -0.0330163274
  -0.0047009229
  -0.0347108723
  -0.0184395310
  -0.0096123937
  -0.0256203908
  -0.0167427388
  -0.0126391585
   0.0041606355
   0.0055498411
   0.0187315153
   0.0026803605
   0.0098632335
  -0.0021284054
   0.0019322159
   0.0023676476
   0.0165119791
   0.0055210710
   0.0076224231
   0.0091780805
   0.0014460985
   0.0053347170
  -0.0014198695
  -0.0046757938
   0.0148501397
   0.0047837295
  -0.0024852210
   0.0074842929
  -0.0250644587
  -0.0289526350
  -0.0401536388
  -0.0339698542
  -0.0423227988
  -0.0465366202
  -0.0387615116
  -0.0414447737
  -0.0473449471
  -0.0462084048
  -0.0406301456
  -0.0457274577
  -0.0400916020
  -0.0230370155
  -0.0376433590
  -0.0325183552
  -0.0205978076
   0.0012287319
  -0.0006003876
   0.0132640037
   0.0008622991
   0.0032652448
   0.0196506690
   0.0036996570
   0.0057212885
   0.0166179158
  -0.0034285811
   0.0196435799
  -0.0007891684
   0.0095354948
  -0.0290440202
  -0.0378143676
  -0.0465433546
  -0.0367770403
  -0.0513527445
  -0.0537288681
  -0.0496054259
  -0.0448604271
  -0.0541967214
  -0.0553003514
  -0.0528317855
  -0.0399820752
  -0.0497968298
  -0.0526069538
  -0.0477375436
  -0.0346515340
  -0.0434473548
  -0.0305389659
  -0.0223339663
   0.0039894963
   0.0032473878
   0.0134662265
   0.0029794484
   0.0026628761
   0.0046984613
   0.0096020012
   0.0003464195
   0.0094525864
   0.0119495437
   0.0030180299
   0.0035423165
  -0.0022184528
  -0.0017545490
   0.0041829019
   0.0056191996
   0.0035837413
  -0.0377864845
   0.0028858359
  -0.0009115120
  -0.0029319192
   0.0296322446
   0.0353459464
   0.0315862618
   0.0303143024
   0.0496704937
   0.0366968469
   0.0320576331
   0.0300978211
   0.0375125699
   0.0306968204
   0.0375757238
   0.0222357119
   0.0029046151
   0.0273787273
   0.0205644900
   0.0096147563
  -0.0083658097
  -0.0027069545
   0.0232985111
   0.0175350923
   0.0119899958
   0.0179804696
   0.0246355313
   0.0200706360
   0.0183787575
   0.0222567759
   0.0151047631
   0.0073453829
   0.0165114168
   0.0227037414
   0.0258391201
   0.0198293857
   0.0069746653
  -0.0187858226
   0.0049534977
   0.0365655174
   0.0256244219
   0.0440411276
   0.0252185294
   0.0360318967
   0.0441769238
   0.0260132373
   0.0365669553
   0.0371268649
   0.0272462041
  -0.0098840089
   0.0021351314
   0.0102879481
   0.0048011378
  -0.0171178556
   0.0101893525
   0.0046911464
  -0.0190197743
   0.0013104878
   0.0056959157
   0.0055348586
   0.0024624302
  -0.0031994163
   0.0063609244
   0.0070870725
  -0.0148232336
   0.0022407992
   0.0083093191
   0.0081458450
  -0.0238193092
   0.0009448456
  -0.0248655998
  -0.0003609944
  -0.0260809966
  -0.0097481113
   0.0033744468
   0.0085895749
   0.0052405375
   0.0041356642
   0.0010254018
   0.0073260105
   0.0067054697
   0.0065032174
   0.0026708761
   0.0008663100
   0.0022243796
   0.0026613154
  -0.0041318299
   0.0009241444
   0.0031159345
   0.0033642119
  -0.0026841392
  -0.0186924032
  -0.0066324590
  -0.0377555229
   0.0043813522
  -0.0055912233
  -0.0330464214
   0.0022443974
   0.0034164165
  -0.0019559580
  -0.0188253302
   0.0009430385
   0.0018299621
   0.0026300762
  -0.0050487814
   0.0014801081
   0.0023079674
  -0.0212032917
  -0.0041846348
  -0.0229411308
  -0.0013911377
   0.0043544854
  -0.0265245495
  -0.0023706837
   0.0036747070
  -0.0067877280
   0.0224304443
   0.0247176623
   0.0321596157
   0.0233258324
   0.0177181619
   0.0238018596
   0.0252120890
   0.0086713229
   0.0075051158
   0.0108547134
   0.0074873605
   0.0189051984
   0.0102928956
   0.0335053907
   0.0141926282
   0.0219530316
   0.0134158200
   0.0090311442
  -0.0054164694
  -0.0132956950
  -0.0103040477
  -0.0210418173
  -0.0128778125
  -0.0233794281
  -0.0192840735
   0.0025778548
  -0.0240106801
  -0.0189718172
  -0.0150550250
  -0.0222663632
  -0.0114489532
  -0.0072434640
  -0.0162063608
  -0.0100815233
  -0.0075423824
   0.0026390487
   0.0028970698
   0.0106873407
   0.0006191378
   0.0057222174
  -0.0033532903
   0.0006963490
   0.0027753818
   0.0095492046
   0.0037667401
   0.0054566771
   0.0054438407
   0.0024467080
   0.0016008331
  -0.0018731061
  -0.0056842077
   0.0084691011
   0.0029739795
  -0.0034448025
   0.0035978016
  -0.0179258089
  -0.0196284896
  -0.0289338661
  -0.0245131981
  -0.0305176703
  -0.0348917764
  -0.0287287726
  -0.0287533368
  -0.0360833869
  -0.0363225194
  -0.0277228816
  -0.0356050729
  -0.0362406471
  -0.0279692123
  -0.0338345870
  -0.0295565100
  -0.0137809295
  -0.0262776500
  -0.0230425604
  -0.0140956906
   0.0009932494
  -0.0025928966
   0.0078326478
  -0.0011454970
   0.0005751931
   0.0110304001
   0.0030529220
   0.0013425816
   0.0093749510
  -0.0044689500
  -0.0023336414
  -0.0128244355
   0.0045457532
  -0.0214437649
  -0.0272493496
  -0.0346701141
  -0.0267373847
  -0.0385626283
  -0.0416270059
  -0.0370769253
  -0.0403511018
  -0.0442032319
  -0.0435693436
  -0.0377980825
  -0.0396204538
  -0.0437497427
  -0.0430741058
  -0.0369015365
  -0.0369892251
  -0.0401059665
  -0.0344000649
  -0.0247126952
  -0.0315855818
  -0.0209742797
  -0.0161566070
   0.0032714975
   0.0016218536
   0.0077007302
  -0.0001662423
   0.0024170693
   0.0023837439
   0.0072895101
   0.0080905152
   0.0074126026
   0.0085562864
   0.0063207470
   0.0003436996
   0.0016111205
  -0.0033329115
   0.0010264508
   0.0026737292
   0.0019039542
   0.0021838556
  -0.0036470929
   0.0256963595
   0.0288779939
   0.0267119310
   0.0256982835
   0.0376524794
   0.0302867942
   0.0274718520
   0.0258065783
   0.0381754718
   0.0309737204
   0.0272956287
   0.0255879722
   0.0399411152
   0.0313172148
   0.0264781068
   0.0306187363
   0.0198479345
   0.0105965967
  -0.0047237176
   0.0224424175
   0.0174528370
   0.0101169608
  -0.0007629286
  -0.0058514488
   0.0193675937
   0.0150720159
   0.0100126346
   0.0118558262
   0.0169897398
   0.0208293504
   0.0162692410
   0.0143754284
   0.0179970927
   0.0129841119
   0.0060236699
   0.0092060773
   0.0152432745
   0.0189691891
   0.0210510524
   0.0163888396
   0.0077252797
  -0.0076517666
   0.0196851231
   0.0105071486
  -0.0068122880
   0.0296359850
   0.0221172936
   0.0363766741
   0.0214679526
   0.0296383014
   0.0392162376
   0.0156674682
   0.0260027515
   0.0325108836
   0.0364972386
   0.0083228199
   0.0224614661
   0.0302743516
   0.0300974534
   0.0234231706
  -0.0012597323
   0.0059250701
  -0.0000868084
   0.0079145723
   0.0043474795
  -0.0055597712
   0.0057649324
  -0.0006482901
   0.0041530490
  -0.0028923819
   0.0029616816
   0.0035116846
   0.0017063432
  -0.0045613867
  -0.0000781922
   0.0045443679
   0.0043862867
  -0.0206890393
  -0.0050827445
   0.0031001825
   0.0058496228
   0.0048965639
  -0.0098982221
   0.0013989750
   0.0064920213
  -0.0302135520
  -0.0087893163
   0.0014422282
   0.0067379654
  -0.0127871666
  -0.0023947305
   0.0039112275
   0.0061520160
   0.0032516600
   0.0028177434
  -0.0006886798
   0.0021413824
   0.0050889661
   0.0041306539
   0.0038938388
   0.0002952069
  -0.0004866381
   0.0000127694
   0.0009643707
  -0.0022842839
  -0.0046672149
  -0.0001454875
  -0.0001112657
   0.0014109647
  -0.0009510927
  -0.0083468910
  -0.0203623301
   0.0016631097
  -0.0039982983
  -0.0164296271
   0.0012983931
  -0.0033945134
  -0.0149135079
  -0.0007154317
   0.0012711495
  -0.0006839282
  -0.0082246367
  -0.0224064420
  -0.0004917294
  -0.0003483094
   0.0008288661
  -0.0025725938
  -0.0052183642
   0.0003711989
   0.0000913090
  -0.0168937562
  -0.0076338319
  -0.0239778315
  -0.0060104076
   0.0003876157
  -0.0120092217
  -0.0016948977
   0.0022064219
  -0.0077124412
  -0.0005206448
  -0.0105483901
   0.0188053389
   0.0209115841
   0.0251294802
   0.0233804060
   0.0194625175
   0.0205750716
   0.0157603248
   0.0074050044
  -0.0112640372
   0.0201407328
   0.0223535889
   0.0212030301
   0.0080302556
   0.0069156870
   0.0100472742
   0.0064615295
   0.0152310652
   0.0083552069
   0.0257850212
   0.0102270637
   0.0209919168
   0.0066814403
   0.0287247457
   0.0176022287
   0.0107066570
   0.0078005277
  -0.0028748523
  -0.0082219104
  -0.0058238321
  -0.0079110896
  -0.0134151136
  -0.0078501121
  -0.0153490808
  -0.0125746230
  -0.0165476459
  -0.0073481241
  -0.0161097320
  -0.0121677297
  -0.0105508620
  -0.0143875920
  -0.0067860508
  -0.0049827125
  -0.0102503107
  -0.0056774292
  -0.0041740629
   0.0020914139
   0.0025467313
   0.0066859637
   0.0002184608
   0.0038155768
  -0.0028714893
   0.0005499267
   0.0028956335
   0.0060849889
   0.0035896260
   0.0047233534
   0.0038385851
   0.0030564514
   0.0000160332
  -0.0015739289
  -0.0053285926
   0.0051384393
   0.0025402125
  -0.0077155620
  -0.0033318454
   0.0019231440
  -0.0130955392
  -0.0131901518
  -0.0219935298
  -0.0185364857
  -0.0217215365
  -0.0271424770
  -0.0244517564
  -0.0192916092
  -0.0275732321
  -0.0290941775
  -0.0180878423
  -0.0270150726
  -0.0289177696
  -0.0236546150
  -0.0187549823
  -0.0259224737
  -0.0245743427
  -0.0194642316
  -0.0173479247
  -0.0097523687
   0.0003666507
   0.0047347937
  -0.0017215395
  -0.0006634363
   0.0067418986
   0.0020833424
  -0.0007033876
   0.0054367410
  -0.0045205387
  -0.0028238871
  -0.0092605035
   0.0020020309
  -0.0163153232
  -0.0205937433
  -0.0274052288
  -0.0202606324
  -0.0266954905
  -0.0332612160
  -0.0326415569
  -0.0247322023
  -0.0286033845
  -0.0350369185
  -0.0362398401
  -0.0336724145
  -0.0345808147
  -0.0358094288
  -0.0330448252
  -0.0253892194
  -0.0319541917
  -0.0308988640
  -0.0187691961
  -0.0246940337
  -0.0120920201
   0.0023056140
   0.0010756416
   0.0048349087
  -0.0008978306
   0.0018729225
   0.0014685021
   0.0007175706
  -0.0057499290
   0.0054071766
  -0.0130487082
  -0.0008301498
   0.0042691139
   0.0059756793
   0.0053361338
   0.0057131142
   0.0040864157
  -0.0004194011
   0.0008027741
  -0.0034374022
  -0.0004980459
   0.0005243998
   0.0003222800
   0.0008534498
  -0.0005690963
  -0.0061065348
  -0.0204279766
   0.0000348033
  -0.0037209282
   0.0228627620
   0.0256424856
   0.0234920903
   0.0320500497
   0.0263616012
   0.0240485730
   0.0225682951
   0.0326666081
   0.0269342794
   0.0239665533
   0.0224765137
   0.0338671990
   0.0272095953
   0.0234730783
   0.0272069108
   0.0096853107
  -0.0028940699
   0.0201517713
   0.0153135851
   0.0089325756
  -0.0004481753
   0.0168947502
   0.0122410089
   0.0071892886
   0.0092323491
   0.0145868224
   0.0186995876
   0.0136296668
   0.0116406999
   0.0153649936
   0.0101149229
   0.0031884635
   0.0065842842
   0.0127414699
   0.0166273559
   0.0186637436
   0.0142373594
   0.0069776425
  -0.0056987472
   0.0096945547
  -0.0041463613
   0.0257082784
   0.0183907827
   0.0319826020
   0.0078608389
   0.0191756862
   0.0258637004
   0.0346124563
   0.0145844548
   0.0226995053
   0.0282954599
   0.0320097687
   0.0094016813
   0.0199586535
   0.0263403485
   0.0260637783
   0.0195318553
  -0.0020283985
   0.0033339447
  -0.0031650722
   0.0052427469
   0.0013321958
  -0.0091017944
   0.0030899162
  -0.0039750945
  -0.0036945021
   0.0013077013
   0.0022040960
   0.0004627855
  -0.0061724569
  -0.0019028409
   0.0027394038
   0.0029112151
  -0.0128597459
  -0.0022723723
   0.0028396877
   0.0043418456
  -0.0204797554
  -0.0049410535
   0.0022744902
  -0.0180168739
  -0.0046056201
   0.0022783539
  -0.0177970658
  -0.0084856145
  -0.0007410084
   0.0033913763
   0.0047048278
   0.0019122232
   0.0015673504
  -0.0023118346
   0.0002929693
   0.0033651198
   0.0027565324
   0.0022970000
  -0.0010732656
  -0.0015369794
  -0.0011718269
  -0.0005244935
  -0.0037964764
  -0.0059235443
  -0.0011171368
   0.0000862192
  -0.0010019730
  -0.0056495251
  -0.0147206104
  -0.0024627065
  -0.0103958613
  -0.0272830697
   0.0006072387
  -0.0023011223
  -0.0094221914
  -0.0255422548
  -0.0001909690
  -0.0009141779
  -0.0054068451
  -0.0151927294
  -0.0014678367
  -0.0014902038
  -0.0006361369
  -0.0040342248
  -0.0063414658
  -0.0003336454
  -0.0011576496
  -0.0080823386
  -0.0089971021
  -0.0020061204
  -0.0153885461
  -0.0045385993
  -0.0001507541
  -0.0108418735
  -0.0028721589
  -0.0107260692
   0.0158685910
   0.0203133084
   0.0196643073
   0.0197059285
   0.0167351244
   0.0176725676
   0.0135395409
   0.0066700759
  -0.0075759786
   0.0180394597
   0.0139972705
   0.0175485151
   0.0191861415
   0.0243647730
   0.0180339786
   0.0072362226
   0.0101490395
   0.0063472835
   0.0090939433
   0.0058075817
   0.0126381028
   0.0071620199
   0.0205899167
   0.0081031310
   0.0164598070
   0.0077610177
   0.0228701183
   0.0105568967
   0.0145293713
   0.0057712215
   0.0089965590
   0.0069716797
  -0.0012458357
  -0.0050429427
  -0.0030067841
  -0.0053084028
  -0.0085844769
  -0.0045159368
  -0.0106001253
  -0.0065615762
  -0.0100326068
  -0.0105066773
  -0.0020752019
  -0.0103636577
  -0.0104642638
  -0.0015103903
  -0.0110271685
  -0.0058842510
  -0.0072949885
  -0.0093178495
  -0.0037016044
  -0.0032562055
  -0.0064360531
  -0.0028415455
  -0.0020040278
   0.0017807845
   0.0025956896
   0.0002050154
   0.0027181450
   0.0006705095
   0.0027167818
   0.0040176882
   0.0035626498
   0.0043092908
   0.0029001895
   0.0032450777
  -0.0006687893
  -0.0011805108
  -0.0047029420
   0.0024407850
  -0.0051088697
  -0.0029490766
   0.0011629870
  -0.0097925612
  -0.0093039312
  -0.0162989418
  -0.0140938450
  -0.0150728056
  -0.0203786392
  -0.0200088848
  -0.0125017679
  -0.0207282943
  -0.0230672644
  -0.0201937712
  -0.0195270627
  -0.0232728137
  -0.0228390468
  -0.0196207722
  -0.0225947770
  -0.0205896018
  -0.0114803784
  -0.0187400244
  -0.0194681225
  -0.0151241369
  -0.0138024414
  -0.0128209475
  -0.0068314483
  -0.0003063575
   0.0027599235
  -0.0013518078
   0.0043106020
   0.0011613079
  -0.0016994982
   0.0030580572
  -0.0043132702
  -0.0029564154
  -0.0070875744
   0.0006042156
  -0.0128147965
  -0.0159282280
  -0.0211873646
  -0.0156773849
  -0.0247717320
  -0.0266637475
  -0.0238354381
  -0.0265512474
  -0.0294401570
  -0.0288868084
  -0.0246317321
  -0.0281228920
  -0.0302085073
  -0.0296455896
  -0.0262004259
  -0.0257951837
  -0.0287639606
  -0.0280407986
  -0.0232146964
  -0.0235102533
  -0.0250971017
  -0.0213404881
  -0.0143275601
  -0.0186719906
   0.0013904555
   0.0007759313
   0.0031670625
   0.0012984933
   0.0009520044
   0.0002485984
  -0.0039584141
   0.0034179613
  -0.0070194077
   0.0004257548
   0.0035187653
   0.0043442206
   0.0008848084
   0.0036517061
   0.0044732924
   0.0039837494
   0.0035789914
   0.0026906519
  -0.0005759512
   0.0003542150
  -0.0033286439
  -0.0107766375
  -0.0049429627
  -0.0011756902
  -0.0004974681
  -0.0003526685
  -0.0009012448
  -0.0039817404
  -0.0118073305
  -0.0005123020
  -0.0008113567
  -0.0017707071
  -0.0063537593
  -0.0036445302
   0.0207460202
   0.0270334065
   0.0229995590
   0.0211987802
   0.0199509317
   0.0276436131
   0.0234732090
   0.0213865277
   0.0200263868
   0.0282132558
   0.0237777850
   0.0212286129
   0.0288407386
   0.0238929256
   0.0209622311
   0.0236872502
  -0.0028936387
   0.0152750083
   0.0093676013
   0.0009780099
   0.0172452339
   0.0131024638
   0.0077909151
   0.0007902042
  -0.0046177212
   0.0145371891
   0.0104216557
   0.0064302553
   0.0080407962
   0.0126167039
   0.0160730488
   0.0116587848
   0.0096482242
   0.0128944471
   0.0083036094
   0.0029605263
   0.0055336925
   0.0107431204
   0.0140408440
   0.0157330543
   0.0118253309
   0.0056921929
  -0.0039006676
   0.0146112673
   0.0086768528
  -0.0009383473
   0.0270172159
   0.0157660038
   0.0217567904
   0.0304036817
   0.0134867670
   0.0199280298
   0.0247647155
   0.0303494395
   0.0138720557
   0.0201705782
   0.0249053410
   0.0270519207
   0.0166047746
   0.0222417402
   0.0219447410
   0.0163852760
   0.0021340033
  -0.0031006463
   0.0031889789
  -0.0007997456
   0.0030981160
  -0.0010014430
   0.0017299268
  -0.0040689468
  -0.0034028480
   0.0002462492
   0.0013539017
  -0.0003904458
  -0.0053646615
  -0.0024424539
   0.0013704364
   0.0018629828
  -0.0107365423
  -0.0027659606
   0.0014910224
   0.0029026499
   0.0020653377
  -0.0102390001
  -0.0019791586
   0.0022155336
  -0.0129134300
  -0.0083264999
  -0.0013617442
   0.0025255983
  -0.0123311669
  -0.0068236182
  -0.0011682039
   0.0021452406
   0.0032143613
   0.0012174167
   0.0007479435
  -0.0022101991
  -0.0004433340
   0.0020742626
   0.0018538234
   0.0012495065
  -0.0019037762
  -0.0019355602
  -0.0017666704
  -0.0015236686
  -0.0040882312
  -0.0053939396
  -0.0018150450
  -0.0009593227
  -0.0018454821
  -0.0054598133
  -0.0118227851
  -0.0017681388
  -0.0059790545
  -0.0142353777
  -0.0067898391
  -0.0176466498
  -0.0005373155
  -0.0017561499
  -0.0055723234
  -0.0136084617
  -0.0011741766
  -0.0018189826
  -0.0053864477
  -0.0123443754
  -0.0018075798
  -0.0019919610
  -0.0016171192
  -0.0042624431
  -0.0055577958
  -0.0010813278
  -0.0018979634
  -0.0075494640
  -0.0087640152
  -0.0029715865
  -0.0164838212
  -0.0064274412
  -0.0019017374
  -0.0177952856
  -0.0069679022
  -0.0022017557
  -0.0107084885
  -0.0038876985
  -0.0097730462
