#! FIELDS time phi psi
#! SET min_phi -pi
#! SET max_phi pi
#! SET min_psi -pi
#! SET max_psi pi
 0.000000 -1.257768 2.877951
 500.000000 -2.218578 2.760173
 1000.000000 -1.545632 1.044677
 1500.000000 -1.322922 2.226104
 2000.000000 -2.669268 3.012181
 2500.000000 -1.398170 1.062279
 3000.000000 -1.041122 1.386018
 3500.000000 -2.564443 -3.115825
 4000.000000 -2.048168 2.694006
 4500.000000 -2.667504 2.290122
 5000.000000 -1.663169 1.844497
 5500.000000 -1.671870 1.200100
 6000.000000 -1.364752 1.390281
 6500.000000 -1.372239 0.772943
 7000.000000 -1.184090 1.568949
 7500.000000 -1.362865 0.544903
 8000.000000 -2.483970 -3.042770
 8500.000000 -1.466095 1.282140
 9000.000000 -1.209886 0.707558
 9500.000000 -2.451352 2.604452
 10000.000000 -1.627899 1.518340
 10500.000000 -2.345613 2.528562
 11000.000000 -2.483947 2.554349
 11500.000000 -1.296511 2.502474
 12000.000000 -1.607031 2.083598
 12500.000000 -2.293070 2.495152
 13000.000000 -1.160073 2.000736
 13500.000000 -2.574533 2.757015
 14000.000000 -1.207062 1.027815
 14500.000000 -2.918053 2.897462
 15000.000000 -2.690988 2.794280
 15500.000000 -1.481812 0.857211
 16000.000000 -2.512529 2.965867
 16500.000000 -2.791160 2.668108
 17000.000000 -1.063056 1.239400
 17500.000000 -2.335815 2.924181
 18000.000000 -2.615633 3.008699
 18500.000000 -2.578710 2.734512
 19000.000000 -2.641595 2.671603
 19500.000000 -1.358341 1.367059
 20000.000000 -1.812887 2.660808
 20500.000000 -2.306806 2.727413
 21000.000000 -1.641537 0.869240
 21500.000000 -1.957529 2.383382
 22000.000000 -1.256433 0.789106
 22500.000000 -2.257286 2.571992
 23000.000000 -2.674816 2.755007
 23500.000000 -1.009036 -0.417419
 24000.000000 -2.564336 2.831464
 24500.000000 -1.538960 1.070239
 25000.000000 -2.498604 2.190121
 25500.000000 -1.448539 1.574614
 26000.000000 -2.766838 3.048634
 26500.000000 -1.765309 1.376041
 27000.000000 -2.356257 2.798869
 27500.000000 -2.567964 2.987595
 28000.000000 -1.862174 2.573608
 28500.000000 -1.401923 0.808189
 29000.000000 -2.572678 2.761989
 29500.000000 -1.542620 1.149250
 30000.000000 -2.469645 2.893564
 30500.000000 -1.329721 1.364922
 31000.000000 -1.293319 1.267437
 31500.000000 -1.552699 0.949204
 32000.000000 -1.411306 1.636958
 32500.000000 -2.698131 2.324598
 33000.000000 -1.531737 1.096020
 33500.000000 -2.457476 2.662389
 34000.000000 -1.459426 0.671495
 34500.000000 -1.060859 0.454856
 35000.000000 -1.450733 0.587816
 35500.000000 -1.602890 0.185158
 36000.000000 -2.713634 -2.942679
 36500.000000 -1.933921 1.251124
 37000.000000 -2.832663 2.806576
 37500.000000 -1.375355 1.112293
 38000.000000 -2.486931 2.949637
 38500.000000 -2.580590 2.582501
 39000.000000 -1.500556 1.427115
 39500.000000 -2.548194 2.811860
 40000.000000 -2.593933 2.621543
 40500.000000 -2.439103 2.321129
 41000.000000 -2.388445 2.446010
 41500.000000 -1.174823 0.948265
 42000.000000 -2.703792 2.591548
 42500.000000 -2.541812 2.788895
 43000.000000 -2.752693 2.651145
 43500.000000 -1.535433 1.260512
 44000.000000 -1.472204 0.773184
 44500.000000 -1.331597 1.832597
 45000.000000 -1.654611 0.806096
 45500.000000 -2.277997 2.726381
 46000.000000 -1.367422 1.562375
 46500.000000 -1.249862 0.973988
 47000.000000 -1.541502 1.033236
 47500.000000 -2.774796 2.523869
 48000.000000 -1.267541 0.187181
 48500.000000 -1.243628 0.886316
 49000.000000 -1.419392 0.673691
 49500.000000 -2.824323 2.705674
 50000.000000 -2.093493 2.080723
 50500.000000 -2.829611 2.625396
 51000.000000 -1.675759 0.969206
 51500.000000 -1.361896 -0.196024
 52000.000000 -1.649736 2.004578
 52500.000000 -2.427016 2.707914
 53000.000000 -2.511254 2.712954
 53500.000000 -1.749896 0.726338
 54000.000000 -2.448596 2.456781
 54500.000000 -1.374321 0.859357
 55000.000000 -1.460742 0.163555
 55500.000000 -2.529669 1.990381
 56000.000000 -1.163833 0.969420
 56500.000000 -2.359181 2.626524
 57000.000000 -1.402264 0.858347
 57500.000000 -1.382961 0.610974
 58000.000000 -1.455274 0.655436
 58500.000000 -2.360526 2.394615
 59000.000000 -1.359441 1.068122
 59500.000000 -1.561937 1.217031
 60000.000000 -2.571306 2.892724
 60500.000000 -1.540836 0.098912
 61000.000000 -2.755133 3.042993
 61500.000000 -2.660919 2.775673
 62000.000000 -1.463932 1.827424
 62500.000000 -2.608079 2.882297
 63000.000000 -2.636074 2.438834
 63500.000000 -2.389371 2.995919
 64000.000000 -1.836720 0.602527
 64500.000000 -1.382193 1.378720
 65000.000000 -2.466985 2.422810
 65500.000000 -1.872174 2.397060
 66000.000000 -2.254830 2.301710
 66500.000000 -1.639873 1.031358
 67000.000000 -2.639805 2.797396
 67500.000000 -2.394178 2.722897
 68000.000000 -1.390749 0.617457
 68500.000000 -1.424598 0.801018
 69000.000000 -2.670397 2.708348
 69500.000000 -2.549193 3.018770
 70000.000000 -1.097793 0.197647
 70500.000000 -1.508844 1.620392
 71000.000000 -2.575737 2.449006
 71500.000000 -2.453452 2.998383
 72000.000000 -1.386818 0.811252
 72500.000000 -2.140910 2.644472
 73000.000000 -1.587649 1.221675
 73500.000000 -1.376925 0.718504
 74000.000000 -1.200192 0.813581
 74500.000000 -2.078877 3.012662
 75000.000000 -1.107282 2.636218
 75500.000000 -2.658478 2.990331
 76000.000000 -1.913098 0.966827
 76500.000000 -1.671687 2.623861
 77000.000000 -2.515592 2.916398
 77500.000000 -1.368116 0.680606
 78000.000000 -2.127048 2.535825
 78500.000000 -2.567062 2.889062
 79000.000000 -1.434769 1.130242
 79500.000000 -2.524134 2.867895
 80000.000000 -1.627410 0.809133
 80500.000000 -1.493878 1.069984
 81000.000000 -2.448934 3.020203
 81500.000000 -1.505575 1.452741
 82000.000000 -1.540188 2.039632
 82500.000000 -1.768992 -0.117575
 83000.000000 -1.443049 1.028641
 83500.000000 -1.555345 0.916841
 84000.000000 -2.656732 2.534155
 84500.000000 -2.542258 3.074623
 85000.000000 -1.565861 0.692643
 85500.000000 -1.559891 1.798177
 86000.000000 -1.689038 1.409633
 86500.000000 -2.652230 2.781972
 87000.000000 -2.182447 2.637149
 87500.000000 -1.711550 1.643834
 88000.000000 -2.863257 2.655756
 88500.000000 -2.836249 3.040936
 89000.000000 -2.351554 2.420960
 89500.000000 -2.297145 2.776106
 90000.000000 -2.676553 2.783382
 90500.000000 -1.866878 -3.136439
 91000.000000 -1.928700 2.275992
 91500.000000 -1.324868 1.353446
 92000.000000 -1.339096 1.366776
 92500.000000 -1.314881 2.801377
 93000.000000 -2.718246 3.079975
 93500.000000 -2.553566 2.345261
 94000.000000 -1.306014 0.696634
 94500.000000 -2.475583 2.854412
 95000.000000 -2.575234 2.890821
 95500.000000 -1.563796 1.405814
 96000.000000 -1.235381 1.467205
 96500.000000 -2.574249 2.066190
 97000.000000 -2.248761 2.757526
 97500.000000 -2.647056 2.993358
 98000.000000 -1.260045 1.330759
 98500.000000 -1.481079 1.054824
 99000.000000 -2.641271 2.431884
 99500.000000 -1.474994 1.203843
 100000.000000 -2.678744 2.586141
