#! FIELDS time phi psi
#! SET min_phi -pi
#! SET max_phi pi
#! SET min_psi -pi
#! SET max_psi pi
 0.000000 1.157159 0.131158
 500.000000 1.023496 -0.692736
 1000.000000 1.091991 -1.105434
 1500.000000 1.045374 -0.481016
 2000.000000 1.118763 -0.776707
 2500.000000 1.102352 -0.510351
 3000.000000 0.830099 -0.917254
 3500.000000 1.099971 -0.448319
 4000.000000 1.015128 -0.592140
 4500.000000 0.888875 0.870905
 5000.000000 1.043145 -0.534200
 5500.000000 1.217087 -1.076221
 6000.000000 0.790985 -1.274735
 6500.000000 1.106111 -0.712550
 7000.000000 0.898968 -1.077969
 7500.000000 1.300409 -0.613622
 8000.000000 1.010239 -0.751697
 8500.000000 1.127276 -0.513773
 9000.000000 0.967124 -0.407211
 9500.000000 0.931761 -0.956047
 10000.000000 1.048246 -1.015231
 10500.000000 0.782782 -0.420049
 11000.000000 0.947575 -0.715425
 11500.000000 0.945725 -0.531449
 12000.000000 1.075216 -0.283740
 12500.000000 0.848990 -0.236359
 13000.000000 1.302681 -0.755378
 13500.000000 1.198734 -0.801815
 14000.000000 1.003144 -1.666293
 14500.000000 1.075447 -0.556117
 15000.000000 1.053227 -0.633372
 15500.000000 0.885613 -0.794723
 16000.000000 1.085136 -0.560059
 16500.000000 1.064014 -0.657346
 17000.000000 1.071773 -0.483615
 17500.000000 1.146144 -1.189403
 18000.000000 1.059827 -0.735080
 18500.000000 1.135316 -1.186405
 19000.000000 1.080117 -0.835333
 19500.000000 1.304172 -1.313128
 20000.000000 1.077939 -0.397813
 20500.000000 1.086762 -0.900445
 21000.000000 1.133610 -1.085055
 21500.000000 0.968977 -0.251239
 22000.000000 1.002895 -0.835474
 22500.000000 0.912543 -0.344936
 23000.000000 0.808885 -0.688073
 23500.000000 1.034005 -0.656366
 24000.000000 0.801839 -1.062180
 24500.000000 1.106840 -0.622086
 25000.000000 0.678083 -1.004686
 25500.000000 1.118658 -0.392257
 26000.000000 1.127275 -1.030945
 26500.000000 1.125250 -1.063450
 27000.000000 0.974534 -1.035220
 27500.000000 0.792344 -1.569552
 28000.000000 0.956234 -0.621236
 28500.000000 1.091381 -0.871418
 29000.000000 1.053007 -0.447360
 29500.000000 1.114860 -0.120324
 30000.000000 1.098557 -0.399078
 30500.000000 0.847396 -0.137416
 31000.000000 1.025844 -0.938771
 31500.000000 1.013102 -0.652769
 32000.000000 1.014618 -0.676514
 32500.000000 1.005342 -0.924085
 33000.000000 1.060823 -0.817276
 33500.000000 0.859549 -1.151718
 34000.000000 0.936487 -1.150969
 34500.000000 1.143821 -0.757171
 35000.000000 0.981570 -0.942153
 35500.000000 0.948116 -0.200303
 36000.000000 1.014935 -0.440137
 36500.000000 1.282477 -1.019884
 37000.000000 0.963613 -0.172208
 37500.000000 1.137652 -0.871604
 38000.000000 0.886498 -0.207012
 38500.000000 1.013395 -0.299317
 39000.000000 1.061681 -0.658727
 39500.000000 0.825010 -0.358328
 40000.000000 1.022364 -0.872517
 40500.000000 1.018459 -0.601863
 41000.000000 1.239073 -1.413967
 41500.000000 1.083178 -0.759914
 42000.000000 0.936972 -1.100377
 42500.000000 0.888257 -0.103429
 43000.000000 0.723206 -0.751953
 43500.000000 0.867104 -0.563543
 44000.000000 1.036927 -0.595660
 44500.000000 1.108519 -1.449979
 45000.000000 1.071370 -1.513566
 45500.000000 0.950476 -0.176730
 46000.000000 1.014287 -0.852610
 46500.000000 1.015347 -0.475909
 47000.000000 1.293319 -0.746042
 47500.000000 1.076247 -0.444563
 48000.000000 1.204479 -0.545471
 48500.000000 0.936320 -0.707302
 49000.000000 1.083665 -0.212668
 49500.000000 1.177024 -0.771210
 50000.000000 1.158879 -0.947905
 50500.000000 1.168575 -0.501652
 51000.000000 0.593056 -0.966217
 51500.000000 1.115566 -0.995052
 52000.000000 0.853016 -0.774702
 52500.000000 1.143582 -1.197217
 53000.000000 1.244167 -0.611699
 53500.000000 1.044772 -0.830249
 54000.000000 1.183461 -1.212482
 54500.000000 1.024836 -0.890320
 55000.000000 1.236350 -0.719296
 55500.000000 0.991191 -0.918391
 56000.000000 0.909979 -1.159635
 56500.000000 1.093837 -0.703905
 57000.000000 0.948531 -0.409752
 57500.000000 1.167134 -0.502572
 58000.000000 1.115471 -0.359022
 58500.000000 1.222901 -0.648298
 59000.000000 1.089588 -0.157300
 59500.000000 1.113257 -0.837395
 60000.000000 1.045358 -1.323882
 60500.000000 1.094566 -0.930737
 61000.000000 1.108906 -0.954930
 61500.000000 0.954537 -0.549848
 62000.000000 0.966587 -1.053705
 62500.000000 1.241534 -0.785109
 63000.000000 0.945571 -0.775371
 63500.000000 1.026646 -0.788820
 64000.000000 0.992553 -0.863631
 64500.000000 0.905979 -0.453769
 65000.000000 1.067408 -0.723187
 65500.000000 1.098417 -1.248809
 66000.000000 1.099154 -0.321765
 66500.000000 1.169048 -1.213845
 67000.000000 0.889682 -1.059114
 67500.000000 1.153710 -0.767631
 68000.000000 1.076700 -0.680323
 68500.000000 1.124946 -0.856932
 69000.000000 1.293406 -0.836492
 69500.000000 0.847276 -0.614780
 70000.000000 1.053634 -0.468251
 70500.000000 1.077529 -1.138173
 71000.000000 1.046729 -0.631528
 71500.000000 0.996732 -0.780557
 72000.000000 1.085021 -0.944381
 72500.000000 1.122387 -0.583510
 73000.000000 1.047694 -0.570203
 73500.000000 0.735333 -1.159620
 74000.000000 1.207572 -0.926287
 74500.000000 0.882940 -0.524337
 75000.000000 1.068065 -0.729082
 75500.000000 1.144834 -0.979983
 76000.000000 0.765368 -0.496892
 76500.000000 1.015976 -0.504242
 77000.000000 1.118563 -0.986779
 77500.000000 1.170283 -1.202545
 78000.000000 1.176885 -0.925150
 78500.000000 1.121119 -1.197119
 79000.000000 1.125548 -0.906431
 79500.000000 1.155251 -1.067600
 80000.000000 1.081737 -1.312768
 80500.000000 1.188112 -1.108489
 81000.000000 0.890408 -0.569311
 81500.000000 1.073768 -0.725964
 82000.000000 1.100095 -0.368862
 82500.000000 1.127595 -1.127549
 83000.000000 1.136448 -0.603296
 83500.000000 0.786694 -0.535138
 84000.000000 1.182200 -0.761068
 84500.000000 1.063895 -0.941648
 85000.000000 0.981701 -0.709324
 85500.000000 1.070724 -0.826380
 86000.000000 1.079373 -0.816026
 86500.000000 1.119984 -1.179717
 87000.000000 0.916168 -0.374822
 87500.000000 0.945507 -1.031865
 88000.000000 0.801805 -0.147540
 88500.000000 1.018702 -0.368952
 89000.000000 0.862340 -0.438639
 89500.000000 1.107401 -0.547651
 90000.000000 1.020900 -0.598654
 90500.000000 1.204823 -0.855673
 91000.000000 1.139055 -0.730910
 91500.000000 1.007240 0.228524
 92000.000000 1.087283 -0.887252
 92500.000000 1.116763 -0.492497
 93000.000000 1.083355 -0.685810
 93500.000000 0.870693 -0.937912
 94000.000000 0.980267 -0.972271
 94500.000000 1.064400 -1.138351
 95000.000000 0.862800 -0.060934
 95500.000000 0.894136 -1.229890
 96000.000000 1.063145 -0.969479
 96500.000000 0.767257 -0.246086
 97000.000000 1.132273 -0.903833
 97500.000000 1.054662 -0.610947
 98000.000000 1.106675 -0.937683
 98500.000000 1.113179 -0.788494
 99000.000000 1.055216 -0.343314
 99500.000000 1.188760 -1.045655
 100000.000000 1.294967 -1.379884
